1,5.16
2,2.92
3,5.36
4,4.26
5,6.88
6,2.62
7,1.47
8,4.34
9,2.37
10,17.46
11,22.45
12,24.28
13,12.03
14,26.14
15,16.86
16,13.54
17,23.67
18,25.57
19,3.77
20,24.89
21,23.87
22,25.22
23,27.33
24,25.83
25,27.19
26,24.50
27,24.30
28,23.02
29,7.52
30,11.61
31,16.95
32,13.50
33,9.50
34,15.02
35,13.22
36,19.57
37,14.55
38,13.03
39,13.10
40,11.80
41,13.16
42,15.02
43,12.63
44,18.37
45,14.06
46,12.10
47,16.48
48,17.65
49,13.03
50,17.08
51,14.36
52,15.52
53,14.02
54,17.23
55,18.90
56,16.58
57,12.91
58,13.16
59,12.53
60,8.96
61,30.09
62,19.19
63,9.60
64,10.96
65,32.60
66,31.82
67,9.95
68,34.39
69,19.47
70,33.61
71,15.23
72,29.47
73,11.30
74,29.25
75,31.80
76,14.83
77,30.19
78,12.63
79,35.34
80,32.13
81,13.91
82,14.09
83,29.36
84,34.63
85,14.36
86,28.63
87,11.24
88,14.28
89,26.63
90,34.88
91,25.26
92,24.79
93,9.58
94,38.42
95,10.09
96,21.44
97,33.01
98,18.37
99,8.77
100,9.57
101,19.17
102,9.27
103,33.65
104,34.97
105,12.26
106,8.04
107,20.05
108,8.43
109,7.64
110,10.35
111,7.93
112,10.82
113,9.52
114,9.09
115,22.28
116,8.87
117,21.22
118,22.07
119,8.35
120,8.61
121,20.04
122,8.32
123,14.29
124,8.22
125,13.02
126,8.96
127,13.42
128,21.47
129,7.67
130,17.95
131,11.79
132,18.26
133,14.15
134,19.69
135,11.79
136,10.78
137,17.71
138,12.14
139,17.72
140,7.86
141,9.64
142,10.77
143,7.84
144,8.66
145,7.28
146,9.82
147,8.36
148,20.05
149,7.88
150,18.93
151,22.18
152,8.39
153,16.69
154,6.41
155,15.80
156,7.68
157,6.64
158,10.86
159,3.05
160,3.83
161,13.12
162,28.52
163,106.18
164,111.96
165,63.20
166,18.02
167,14.68
168,37.14
169,21.86
170,71.63
171,58.43
172,35.79
173,43.12
174,22.26
175,83.98
176,17.43
177,84.26
178,51.96
179,99.94
180,113.39
181,114.38
182,72.68
183,81.09
184,84.95
185,64.67
186,72.86
187,77.47
188,66.70
189,60.08
190,69.87
191,69.47
192,51.91
193,43.96
194,66.93
195,41.22
196,84.60
197,82.63
198,51.26
199,80.30
200,86.20
201,75.00
202,81.67
203,43.82
204,58.85
205,85.33
206,43.09
207,28.91
208,32.93
209,30.08
210,26.23
211,39.00
212,23.94
213,21.25
214,22.27
215,20.52
216,30.77
217,17.30
218,12.15
219,17.35
220,10.22
221,18.06
222,13.32
223,6.84
224,17.25
225,16.28
226,15.58
227,14.89
228,14.28
229,25.37
230,21.96
231,34.77
232,77.55
233,125.49
234,113.14
235,104.29
236,118.45
237,124.90
238,91.49
239,103.81
240,142.95
241,131.95
242,140.35
243,84.91
244,66.67
245,108.95
246,98.51
247,127.49
248,78.50
249,72.92
250,94.16
251,97.97
252,96.78
253,81.24
254,57.84
255,95.44
256,93.23
257,85.64
258,90.93
259,42.09
260,51.84
261,94.60
262,55.45
263,44.53
264,41.57
265,90.61
266,38.54
267,27.11
268,48.48
269,55.62
270,29.54
271,42.47
272,52.56
273,37.52
274,45.31
275,41.59
276,30.62
277,40.97
278,53.93
279,50.82
280,22.66
281,43.18
282,59.92
283,52.33
284,17.44
285,38.54
286,17.15
287,20.04
288,13.33
289,15.52
290,36.48
291,4.79
292,37.47
293,38.57
294,25.68
295,48.43
296,18.80
297,1.19
298,71.42
299,27.43
300,15.72
301,57.80
302,61.35
303,91.55
304,22.56
305,20.33
306,128.54
307,21.92
308,23.71
309,32.43
310,33.08
311,17.45
312,34.10
313,54.95
314,32.44
315,26.89
316,32.84
317,25.60
318,34.10
319,23.74
320,51.47
321,27.90
322,40.62
323,38.78
324,39.03
325,148.35
326,33.59
327,27.60
328,20.90
329,42.42
330,22.54
331,30.86
332,35.36
333,26.46
334,51.15
335,21.89
336,25.80
337,38.61
338,19.79
339,25.75
340,27.66
341,18.74
342,23.77
343,29.94
344,17.14
345,28.44
346,38.54
347,28.22
348,28.82
349,25.13
350,31.06
351,25.92
352,31.99
353,19.45
354,38.37
355,19.01
356,28.36
357,19.57
358,17.34
359,17.08
360,22.24
361,37.32
362,17.78
363,16.74
364,34.16
365,18.50
366,13.84
367,32.73
368,30.97
369,27.80
370,23.23
371,15.50
372,32.32
373,34.13
374,28.36
375,6.30
376,9.86
377,26.11
378,29.72
379,39.12
380,31.63
381,9.38
382,28.42
383,53.29
384,5.88
385,68.00
386,8.76
387,41.78
388,55.04
389,5.50
390,12.17
391,14.15
392,15.41
393,10.62
394,10.32
395,10.95
396,22.53
397,13.92
398,15.11
399,8.59
400,16.01
401,55.91
402,15.06
403,56.79
404,16.80
405,33.84
406,36.08
407,25.38
408,48.81
409,22.60
410,27.38
411,49.08
412,41.14
413,34.57
414,49.03
415,18.48
416,8.82
417,37.12
418,10.85
419,18.65
420,11.27
421,36.37
422,10.79
423,22.71
424,3.17
425,11.17
426,1.77
427,7.61
428,39.05
429,44.83
430,2.96
431,46.97
432,9.96
433,11.91
434,20.64
435,15.03
436,17.92
437,-1.25
438,12.18
439,13.76
440,37.20
441,1.31
442,5.79
443,33.32
444,37.46
445,10.44
446,47.84
447,51.84
448,3.10
449,41.49
450,9.20
451,13.98
452,33.61
453,5.81
454,1.78
455,7.48
456,20.75
457,6.67
458,10.80
459,2.95
460,22.55
461,7.83
462,0.67
463,5.14
464,-1.55
465,16.26
466,26.71
467,31.83
468,43.54
469,0.56
470,18.66
471,50.37
472,33.83
473,36.75
474,59.57
475,33.76
476,1.99
477,40.13
478,7.16
479,28.23
480,8.14
481,19.11
482,44.88
483,13.50
484,6.40
485,12.79
486,33.23
487,128.11
488,33.54
489,43.61
490,17.82
491,123.83
492,38.93
493,20.93
494,39.18
495,33.80
496,13.65
497,28.99
498,23.30
499,36.84
500,86.72
501,27.92
502,41.19
503,47.76
504,36.45
505,91.64
506,39.76
507,14.24
508,57.52
509,96.06
510,17.99
511,53.43
512,54.46
513,17.10
514,44.66
515,75.06
516,57.71
517,36.69
518,77.81
519,77.05
520,18.57
521,52.98
522,84.67
523,30.96
524,46.31
525,52.47
526,108.52
527,41.07
528,65.32
529,39.05
530,115.45
531,67.14
532,41.01
533,107.18
534,79.25
535,47.22
536,102.80
537,36.42
538,41.01
539,69.72
540,26.09
541,29.31
542,136.60
543,29.94
544,40.11
545,114.88
546,36.70
547,41.16
548,94.00
549,32.19
550,113.87
551,39.27
552,48.02
553,32.75
554,110.71
555,28.48
556,57.76
557,82.87
558,115.88
559,49.61
560,75.76
561,132.20
562,39.39
563,46.06
564,83.11
565,114.22
566,47.91
567,96.24
568,46.05
569,96.25
570,50.17
571,97.45
572,54.23
573,114.16
574,38.57
575,89.20
576,109.67
577,38.51
578,49.71
579,88.01
580,38.26
581,50.64
582,107.32
583,37.84
584,55.50
585,37.92
586,95.89
587,51.35
588,106.77
589,108.19
590,42.50
591,107.13
592,114.51
593,35.09
594,85.28
595,23.96
596,41.22
597,105.41
598,104.95
599,80.74
600,89.47
601,30.28
602,127.06
603,73.14
604,12.48
605,130.86
606,78.94
607,34.97
608,144.77
609,3.79
610,9.17
611,146.98
612,2.79
613,6.12
614,3.67
615,3.60
616,3.29
617,12.62
618,17.54
619,9.25
620,11.00
621,12.35
622,13.38
623,7.53
624,14.63
625,13.45
626,11.63
627,13.39
628,17.63
629,11.79
630,3.47
631,15.18
632,10.17
633,14.12
634,11.53
635,11.41
636,16.56
637,2.66
638,17.54
639,11.77
640,10.52
641,7.62
642,13.32
643,12.46
644,9.07
645,21.37
646,8.85
647,12.23
648,8.33
649,11.29
650,9.56
651,19.55
652,9.82
653,20.46
654,10.21
655,111.49
656,18.43
657,67.77
658,74.38
659,115.19
660,2.66
661,75.45
662,17.16
663,30.02
664,29.64
665,9.60
666,100.23
667,119.35
668,98.89
669,114.59
670,24.90
671,72.93
672,95.42
673,29.11
674,44.95
675,55.61
676,41.37
677,54.08
678,48.90
679,40.61
680,34.21
681,53.33
682,44.59
683,51.89
684,29.44
685,49.73
686,44.73
687,51.85
688,28.24
689,50.62
690,35.81
691,44.12
692,46.74
693,51.24
694,14.85
695,11.32
696,12.02
697,12.14
698,9.68
699,7.42
700,11.27
701,2.90
702,8.93
703,9.59
704,13.34
705,10.45
706,14.51
707,12.95
708,11.17
709,9.15
710,4.33
711,5.51
712,4.52
713,8.00
714,11.97
715,9.68
716,3.52
717,14.80
718,7.44
719,10.11
720,4.54
721,9.64
722,16.51
723,13.78
724,17.20
725,5.23
726,14.98
727,12.61
728,15.77
729,12.39
730,5.63
731,11.73
732,4.20
733,11.86
734,8.20
735,12.43
736,7.10
737,13.31
738,21.56
739,10.64
740,12.15
741,21.24
742,10.08
743,21.22
744,8.36
745,19.67
746,13.88
747,6.70
748,13.63
749,20.42
750,6.84
751,13.32
752,16.95
753,15.59
754,17.36
755,14.13
756,17.27
757,14.63
758,15.31
759,16.12
760,14.63
761,12.45
762,14.06
763,17.48
764,12.52
765,12.39
766,14.49
767,15.26
768,14.28
769,15.77
770,14.11
771,15.90
772,15.00
773,13.54
774,15.18
775,16.63
776,15.66
777,19.46
778,17.44
779,14.74
780,15.51
781,14.21
782,16.34
783,7.35
784,13.55
785,6.00
786,13.26
787,19.42
788,8.18
789,12.79
790,16.06
791,7.33
792,3.60
793,12.46
794,18.75
795,7.53
796,5.55
797,15.63
798,10.88
799,7.95
800,19.37
801,17.66
802,12.93
803,12.08
804,16.92
805,8.28
806,7.31
807,11.17
808,14.64
809,17.71
810,6.34
811,7.70
812,7.88
813,12.00
814,4.43
815,19.15
816,16.06
817,2.96
818,15.24
819,20.67
820,14.94
821,20.45
822,9.96
823,19.64
824,8.42
825,16.60
826,14.26
827,15.52
828,7.38
829,7.42
830,15.44
831,18.04
832,17.07
833,19.99
834,17.82
835,16.89
836,7.41
837,21.29
838,17.59
839,13.50
840,7.95
841,17.19
842,18.67
843,15.79
844,17.51
845,12.78
846,13.72
847,6.84
848,6.21
849,7.38
850,19.01
851,20.43
852,16.38
853,7.77
854,15.19
855,15.77
856,12.54
857,16.67
858,15.81
859,15.98
860,11.94
861,16.73
862,15.37
863,12.49
864,12.51
865,9.85
866,7.76
867,14.76
868,14.99
869,10.08
870,15.23
871,8.61
872,11.06
873,10.60
874,15.61
875,12.73
876,17.47
877,12.83
878,4.99
879,12.45
880,11.30
881,15.09
882,13.84
883,5.99
884,12.90
885,14.34
886,17.67
887,11.82
888,14.93
889,12.12
890,15.10
891,12.71
892,10.42
893,15.36
894,14.47
895,8.56
896,11.10
897,17.33
898,17.33
899,16.44
900,14.99
901,6.59
902,14.68
903,18.26
904,20.70
905,16.38
906,22.39
907,16.14
908,20.56
909,3.54
910,13.44
911,7.01
912,14.51
913,2.27
914,18.10
915,22.02
916,35.07
917,25.60
918,39.07
919,35.43
920,40.36
921,40.41
922,52.66
923,32.78
924,36.22
925,30.00
926,31.28
927,26.22
928,29.72
929,30.61
930,32.45
931,38.22
932,42.73
933,40.51
934,36.23
935,37.25
936,24.16
937,33.97
938,29.58
939,29.19
940,44.07
941,36.51
942,34.41
943,26.95
944,28.69
945,34.57
946,39.56
947,32.87
948,30.53
949,29.35
950,23.94
951,34.01
952,30.93
953,29.65
954,31.72
955,22.71
956,29.44
957,30.77
958,32.49
959,29.80
960,29.71
961,31.39
962,24.80
963,31.97
964,35.09
965,26.20
966,32.29
967,41.15
968,48.93
969,28.08
970,26.15
971,46.18
972,31.87
973,35.06
974,35.37
975,37.46
976,26.51
977,28.49
978,53.46
979,41.33
980,29.72
981,52.97
982,35.41
983,30.92
984,26.48
985,32.47
986,35.41
987,32.26
988,31.95
989,35.87
990,55.83
991,22.96
992,27.38
993,25.08
994,49.14
995,26.32
996,26.66
997,28.49
998,29.86
999,25.22
1000,28.19
