1,4.00
2,3.84
3,4.42
4,3.44
5,4.79
6,3.00
7,0.35
8,3.61
9,1.09
10,7.57
11,16.81
12,18.18
13,5.56
14,20.49
15,6.42
16,7.06
17,18.84
18,17.42
19,3.10
20,17.90
21,17.36
22,18.60
23,19.78
24,19.07
25,18.93
26,17.01
27,16.62
28,17.03
29,3.61
30,8.90
31,8.03
32,8.22
33,3.25
34,8.96
35,7.20
36,7.62
37,4.78
38,9.38
39,10.50
40,6.86
41,6.90
42,5.15
43,5.89
44,12.64
45,2.93
46,6.18
47,11.90
48,12.96
49,2.26
50,12.12
51,5.28
52,13.14
53,9.05
54,4.74
55,5.12
56,3.44
57,9.51
58,8.52
59,5.94
60,9.84
61,19.28
62,12.16
63,10.23
64,10.85
65,19.52
66,25.54
67,9.75
68,24.36
69,12.97
70,25.30
71,9.63
72,25.14
73,10.84
74,24.67
75,23.91
76,8.07
77,25.42
78,7.75
79,26.61
80,27.43
81,7.84
82,9.71
83,25.78
84,25.39
85,7.70
86,25.00
87,10.63
88,8.09
89,22.82
90,24.10
91,21.00
92,22.12
93,4.03
94,29.47
95,5.14
96,18.84
97,23.05
98,15.24
99,8.61
100,4.50
101,15.82
102,8.98
103,24.05
104,28.14
105,5.42
106,8.03
107,17.13
108,8.24
109,7.83
110,5.47
111,8.34
112,5.95
113,12.27
114,10.61
115,15.84
116,11.16
117,15.60
118,13.95
119,10.47
120,10.41
121,12.09
122,10.34
123,14.81
124,10.84
125,14.37
126,11.15
127,16.35
128,14.08
129,9.04
130,11.60
131,12.20
132,11.82
133,14.10
134,11.80
135,13.01
136,11.29
137,11.44
138,10.86
139,11.01
140,10.16
141,11.04
142,11.60
143,8.84
144,10.47
145,9.27
146,11.06
147,9.47
148,13.13
149,10.19
150,11.19
151,12.43
152,9.40
153,10.49
154,27.27
155,38.87
156,7.52
157,6.20
158,16.95
159,5.90
160,8.80
161,12.32
162,28.80
163,69.38
164,44.20
165,37.70
166,21.92
167,21.21
168,29.91
169,24.82
170,52.32
171,52.73
172,27.08
173,34.46
174,25.67
175,28.74
176,23.13
177,61.85
178,31.94
179,54.43
180,115.28
181,101.44
182,72.19
183,78.66
184,107.13
185,47.27
186,54.40
187,60.81
188,53.97
189,52.76
190,54.68
191,53.31
192,43.57
193,35.97
194,62.84
195,36.35
196,95.54
197,103.81
198,49.18
199,94.21
200,94.44
201,75.82
202,93.70
203,40.06
204,53.03
205,95.06
206,41.51
207,32.22
208,25.28
209,32.58
210,27.64
211,38.38
212,23.71
213,21.54
214,22.69
215,19.66
216,30.58
217,14.25
218,6.10
219,12.35
220,4.07
221,13.04
222,7.65
223,-2.09
224,18.16
225,14.30
226,8.74
227,16.09
228,15.45
229,29.38
230,17.35
231,35.29
232,87.75
233,172.57
234,114.96
235,111.61
236,141.81
237,134.79
238,101.38
239,101.33
240,151.25
241,92.24
242,108.93
243,80.32
244,62.74
245,67.38
246,99.11
247,129.77
248,56.91
249,55.58
250,90.74
251,87.31
252,55.68
253,71.62
254,31.58
255,56.79
256,82.00
257,52.72
258,79.57
259,29.97
260,43.59
261,67.81
262,35.62
263,38.21
264,43.32
265,53.63
266,28.52
267,18.54
268,39.80
269,47.22
270,19.28
271,29.58
272,45.81
273,34.58
274,33.78
275,29.92
276,27.43
277,29.12
278,40.47
279,32.73
280,19.42
281,29.70
282,46.83
283,52.20
284,11.78
285,32.46
286,11.93
287,23.08
288,13.23
289,19.28
290,34.38
291,8.26
292,34.27
293,32.26
294,25.18
295,36.51
296,12.20
297,2.77
298,90.86
299,37.11
300,11.75
301,78.15
302,64.42
303,104.55
304,20.53
305,19.69
306,173.61
307,18.79
308,21.70
309,33.76
310,34.74
311,13.47
312,37.83
313,53.79
314,36.05
315,29.01
316,41.49
317,28.65
318,31.94
319,20.59
320,63.24
321,27.14
322,41.59
323,43.73
324,43.84
325,218.55
326,36.39
327,32.58
328,16.58
329,40.41
330,21.73
331,32.44
332,45.94
333,30.40
334,62.89
335,33.50
336,32.31
337,36.87
338,25.74
339,31.30
340,32.94
341,16.80
342,34.84
343,29.46
344,17.52
345,34.64
346,37.45
347,34.94
348,37.40
349,25.27
350,37.24
351,24.77
352,34.36
353,23.74
354,43.30
355,20.92
356,34.68
357,23.03
358,19.86
359,22.12
360,26.81
361,54.71
362,29.52
363,21.78
364,43.93
365,23.34
366,22.15
367,34.35
368,39.10
369,34.49
370,26.95
371,14.76
372,34.35
373,40.47
374,30.07
375,3.57
376,11.91
377,26.42
378,35.49
379,48.59
380,29.23
381,12.53
382,29.21
383,33.62
384,6.14
385,23.59
386,3.87
387,19.34
388,37.55
389,5.84
390,8.45
391,12.27
392,9.73
393,5.28
394,5.19
395,6.74
396,12.91
397,8.25
398,5.21
399,5.03
400,10.18
401,41.12
402,10.77
403,30.85
404,13.44
405,22.32
406,35.40
407,17.94
408,36.27
409,16.60
410,20.55
411,42.77
412,34.44
413,21.77
414,27.58
415,9.18
416,8.18
417,15.09
418,10.14
419,19.14
420,9.42
421,8.27
422,7.89
423,19.02
424,2.34
425,7.88
426,0.86
427,5.21
428,20.46
429,25.13
430,2.12
431,30.82
432,5.06
433,9.68
434,16.44
435,11.47
436,12.37
437,2.23
438,14.76
439,18.97
440,41.77
441,1.38
442,6.63
443,23.48
444,29.20
445,5.31
446,39.87
447,49.86
448,2.31
449,19.62
450,3.44
451,13.42
452,21.54
453,3.49
454,1.74
455,7.91
456,17.71
457,7.75
458,11.31
459,6.35
460,21.76
461,3.33
462,2.18
463,3.51
464,0.69
465,9.68
466,25.77
467,33.37
468,31.94
469,0.32
470,9.28
471,37.57
472,31.31
473,38.72
474,53.98
475,32.16
476,3.49
477,28.15
478,5.35
479,12.90
480,4.48
481,11.41
482,16.35
483,13.22
484,5.50
485,9.28
486,33.06
487,105.66
488,29.42
489,27.69
490,9.09
491,94.21
492,25.36
493,10.28
494,20.25
495,21.54
496,6.57
497,24.82
498,9.16
499,20.30
500,70.84
501,17.91
502,40.41
503,36.31
504,37.28
505,75.49
506,34.39
507,7.03
508,39.17
509,85.63
510,7.87
511,46.14
512,37.55
513,9.31
514,39.81
515,65.16
516,54.30
517,23.83
518,32.35
519,47.17
520,9.36
521,53.05
522,40.79
523,21.49
524,52.29
525,45.57
526,107.13
527,31.97
528,54.35
529,27.58
530,110.14
531,47.33
532,28.45
533,98.54
534,53.58
535,22.62
536,91.46
537,27.19
538,14.65
539,53.95
540,21.20
541,17.93
542,31.28
543,13.48
544,21.20
545,43.49
546,26.59
547,34.71
548,53.87
549,27.49
550,105.01
551,40.38
552,36.64
553,28.80
554,103.60
555,17.82
556,43.51
557,46.52
558,73.50
559,41.26
560,48.57
561,103.57
562,36.28
563,35.27
564,51.68
565,106.87
566,44.65
567,59.74
568,39.21
569,60.44
570,39.83
571,64.18
572,44.26
573,105.59
574,33.28
575,54.53
576,100.35
577,36.16
578,34.66
579,54.28
580,29.83
581,34.78
582,71.27
583,28.04
584,40.01
585,28.85
586,64.82
587,39.08
588,72.93
589,76.07
590,39.40
591,110.88
592,89.31
593,25.95
594,78.11
595,20.18
596,35.33
597,88.37
598,81.80
599,54.85
600,73.91
601,11.16
602,110.57
603,61.11
604,14.27
605,109.56
606,33.75
607,5.40
608,70.35
609,5.67
610,7.12
611,63.06
612,5.68
613,3.19
614,0.86
615,1.33
616,3.93
617,6.99
618,9.64
619,9.38
620,8.14
621,5.19
622,8.12
623,5.03
624,6.86
625,3.93
626,9.20
627,10.75
628,4.24
629,9.86
630,0.53
631,3.64
632,11.09
633,4.92
634,2.85
635,9.89
636,5.26
637,0.39
638,4.51
639,9.93
640,2.73
641,4.66
642,11.81
643,6.61
644,4.93
645,9.94
646,15.31
647,20.25
648,12.96
649,6.24
650,16.89
651,31.03
652,24.98
653,30.95
654,17.50
655,82.10
656,14.04
657,24.06
658,69.33
659,51.06
660,8.15
661,53.80
662,7.78
663,24.34
664,18.51
665,3.50
666,42.30
667,59.50
668,46.04
669,69.86
670,19.62
671,60.61
672,65.45
673,32.47
674,35.59
675,41.63
676,35.67
677,39.15
678,32.61
679,35.23
680,37.34
681,42.08
682,35.48
683,46.18
684,34.48
685,36.73
686,34.43
687,35.16
688,38.58
689,36.64
690,38.13
691,31.48
692,36.54
693,38.35
694,28.16
695,24.11
696,18.36
697,18.10
698,22.45
699,11.49
700,37.07
701,50.74
702,27.49
703,18.54
704,19.66
705,18.57
706,32.43
707,17.94
708,23.45
709,21.02
710,24.56
711,25.53
712,17.98
713,27.68
714,24.10
715,18.96
716,29.19
717,21.38
718,22.99
719,25.22
720,15.93
721,25.11
722,23.97
723,26.33
724,25.45
725,15.53
726,25.47
727,25.09
728,32.17
729,14.56
730,19.07
731,21.51
732,37.08
733,23.31
734,30.28
735,25.08
736,4.70
737,7.54
738,12.69
739,1.90
740,7.35
741,12.75
742,2.29
743,12.71
744,5.23
745,10.88
746,2.84
747,3.42
748,10.25
749,11.30
750,4.50
751,9.39
752,10.74
753,9.22
754,9.14
755,2.73
756,9.02
757,3.06
758,10.81
759,9.85
760,4.20
761,7.92
762,8.12
763,3.67
764,7.35
765,6.48
766,8.13
767,10.15
768,4.00
769,4.09
770,9.20
771,7.49
772,4.67
773,8.07
774,8.29
775,5.54
776,9.71
777,6.02
778,10.11
779,9.14
780,8.89
781,6.61
782,8.28
783,4.13
784,7.71
785,2.85
786,6.85
787,5.45
788,3.05
789,8.46
790,8.84
791,3.87
792,2.84
793,7.42
794,4.01
795,3.30
796,3.46
797,3.85
798,5.15
799,3.51
800,4.91
801,4.30
802,6.96
803,7.50
804,9.20
805,3.61
806,5.84
807,6.45
808,9.01
809,4.23
810,3.05
811,7.93
812,4.41
813,6.70
814,5.06
815,10.37
816,9.88
817,5.49
818,9.44
819,12.17
820,8.82
821,4.60
822,5.24
823,8.99
824,4.93
825,4.49
826,3.70
827,4.60
828,5.82
829,6.27
830,8.00
831,10.48
832,4.74
833,8.76
834,9.09
835,4.33
836,4.68
837,9.26
838,9.06
839,3.78
840,4.25
841,3.66
842,5.59
843,7.31
844,5.63
845,8.21
846,6.42
847,4.13
848,3.68
849,4.26
850,6.01
851,4.97
852,5.64
853,3.39
854,7.35
855,4.64
856,7.45
857,9.01
858,7.45
859,7.36
860,6.02
861,4.97
862,9.25
863,6.74
864,3.74
865,4.49
866,4.25
867,8.82
868,3.22
869,5.60
870,3.30
871,4.01
872,6.61
873,7.55
874,6.80
875,3.91
876,8.13
877,4.27
878,3.42
879,6.65
880,6.71
881,8.75
882,6.36
883,4.23
884,7.54
885,7.03
886,3.31
887,7.10
888,4.20
889,7.41
890,8.06
891,3.58
892,6.10
893,7.37
894,4.52
895,4.99
896,6.66
897,9.85
898,10.33
899,8.55
900,5.12
901,4.00
902,7.84
903,5.38
904,10.74
905,9.95
906,10.40
907,10.66
908,5.35
909,3.44
910,5.34
911,4.99
912,5.44
913,1.90
914,12.59
915,11.17
916,20.14
917,12.28
918,22.20
919,21.17
920,16.94
921,19.73
922,27.41
923,16.67
924,19.01
925,16.21
926,15.89
927,14.12
928,20.29
929,20.02
930,17.71
931,20.36
932,19.18
933,19.81
934,19.20
935,16.92
936,12.92
937,15.24
938,15.49
939,13.43
940,21.49
941,16.45
942,17.86
943,15.31
944,12.33
945,18.35
946,21.25
947,17.00
948,14.16
949,15.57
950,12.82
951,17.04
952,14.84
953,16.80
954,15.92
955,11.46
956,17.67
957,18.43
958,14.15
959,11.67
960,18.86
961,14.20
962,15.61
963,16.74
964,20.05
965,11.63
966,16.28
967,20.45
968,23.20
969,16.41
970,15.13
971,26.91
972,13.93
973,19.39
974,15.24
975,20.81
976,11.64
977,10.80
978,23.61
979,19.96
980,15.84
981,25.63
982,14.71
983,15.75
984,14.19
985,16.66
986,19.05
987,16.85
988,17.26
989,15.52
990,25.35
991,14.81
992,13.03
993,12.19
994,20.70
995,10.73
996,14.82
997,12.77
998,17.82
999,11.95
1000,14.36
