1,8.90
2,6.62
3,10.46
4,10.46
5,11.27
6,7.60
7,4.00
8,9.66
9,4.89
10,30.61
11,29.47
12,30.22
13,30.41
14,33.43
15,36.57
16,34.08
17,31.85
18,36.49
19,15.65
20,32.89
21,33.39
22,36.04
23,40.95
24,38.85
25,40.89
26,33.55
27,36.81
28,36.03
29,20.45
30,20.98
31,34.17
32,19.70
33,22.13
34,21.33
35,30.91
36,41.91
37,34.15
38,17.32
39,18.56
40,26.21
41,28.72
42,35.93
43,31.76
44,21.48
45,37.28
46,32.60
47,19.33
48,20.39
49,36.79
50,20.64
51,36.51
52,19.94
53,18.37
54,41.42
55,44.84
56,40.62
57,18.88
58,18.03
59,31.99
60,9.02
61,47.61
62,17.76
63,8.72
64,9.82
65,49.84
66,36.98
67,9.10
68,50.56
69,21.73
70,50.38
71,17.00
72,37.46
73,11.50
74,37.63
75,48.47
76,18.19
77,37.68
78,16.04
79,48.91
80,38.47
81,16.63
82,38.95
83,36.01
84,52.00
85,16.15
86,35.56
87,9.87
88,16.14
89,33.48
90,52.13
91,32.06
92,32.63
93,12.46
94,52.40
95,13.02
96,30.86
97,49.29
98,27.04
99,8.07
100,13.15
101,30.33
102,8.44
103,50.99
104,52.02
105,15.00
106,7.58
107,30.05
108,8.22
109,7.24
110,12.90
111,7.31
112,13.75
113,9.98
114,9.62
115,34.85
116,9.22
117,31.29
118,33.01
119,9.13
120,9.95
121,32.46
122,9.81
123,15.48
124,10.16
125,14.25
126,10.32
127,13.27
128,33.32
129,9.05
130,31.73
131,13.45
132,32.02
133,14.89
134,33.74
135,13.59
136,12.29
137,31.14
138,13.05
139,29.79
140,10.22
141,11.49
142,12.77
143,8.76
144,11.08
145,8.90
146,12.44
147,9.23
148,34.12
149,9.72
150,31.85
151,33.22
152,9.53
153,29.60
154,30.03
155,30.45
156,5.59
157,8.85
158,9.28
159,5.24
160,3.61
161,12.18
162,22.03
163,79.82
164,96.42
165,37.03
166,14.72
167,11.90
168,29.23
169,22.81
170,65.26
171,75.00
172,23.93
173,51.97
174,21.36
175,116.92
176,14.44
177,83.79
178,47.33
179,119.51
180,103.91
181,110.66
182,65.61
183,73.53
184,92.31
185,57.67
186,65.59
187,68.26
188,58.76
189,57.98
190,65.49
191,64.80
192,53.68
193,45.07
194,66.79
195,44.78
196,81.97
197,82.35
198,46.22
199,81.84
200,88.08
201,86.87
202,77.99
203,54.12
204,74.68
205,90.19
206,47.73
207,23.74
208,38.65
209,26.62
210,22.52
211,34.77
212,21.52
213,20.62
214,18.88
215,20.43
216,25.38
217,14.60
218,11.96
219,14.14
220,11.26
221,15.35
222,11.85
223,8.67
224,16.14
225,12.15
226,20.04
227,16.51
228,15.08
229,27.43
230,19.41
231,36.77
232,73.61
233,106.64
234,84.90
235,81.07
236,116.53
237,101.37
238,84.08
239,91.87
240,112.37
241,108.16
242,117.33
243,72.74
244,61.85
245,92.78
246,85.73
247,113.68
248,80.32
249,77.16
250,88.33
251,92.68
252,89.51
253,76.85
254,64.23
255,84.67
256,107.85
257,71.64
258,93.15
259,53.02
260,46.64
261,77.01
262,56.06
263,54.34
264,54.16
265,87.82
266,38.91
267,28.88
268,61.80
269,62.30
270,28.82
271,61.19
272,55.93
273,37.50
274,61.79
275,46.68
276,29.41
277,57.94
278,57.70
279,70.86
280,22.87
281,56.22
282,59.91
283,50.00
284,21.94
285,44.95
286,21.86
287,14.39
288,13.56
289,13.82
290,32.45
291,6.22
292,24.40
293,27.42
294,27.61
295,33.37
296,18.30
297,4.05
298,62.42
299,12.64
300,19.68
301,47.98
302,60.12
303,86.62
304,21.64
305,20.99
306,125.30
307,22.51
308,23.70
309,32.95
310,32.79
311,13.73
312,31.38
313,40.01
314,26.09
315,23.71
316,29.44
317,25.21
318,33.01
319,24.19
320,51.02
321,24.92
322,34.58
323,31.17
324,33.31
325,101.19
326,29.66
327,26.12
328,16.86
329,39.77
330,21.16
331,27.81
332,38.60
333,24.81
334,46.91
335,20.28
336,21.33
337,37.47
338,18.01
339,18.27
340,25.16
341,13.07
342,19.99
343,26.49
344,13.84
345,20.34
346,30.24
347,28.73
348,32.55
349,21.08
350,33.71
351,20.39
352,22.22
353,20.31
354,29.76
355,20.28
356,21.30
357,17.28
358,16.59
359,12.57
360,20.24
361,35.57
362,19.81
363,15.37
364,30.09
365,19.09
366,13.81
367,26.01
368,25.76
369,25.81
370,18.37
371,14.13
372,24.02
373,28.24
374,23.39
375,6.26
376,11.36
377,21.28
378,26.82
379,32.49
380,25.06
381,11.19
382,24.49
383,49.02
384,7.46
385,70.72
386,14.13
387,40.58
388,56.67
389,12.24
390,11.89
391,18.08
392,15.95
393,10.56
394,11.15
395,12.63
396,25.93
397,13.52
398,16.86
399,11.17
400,14.51
401,56.78
402,11.75
403,54.54
404,17.25
405,39.36
406,33.39
407,21.33
408,47.42
409,17.56
410,33.55
411,48.38
412,40.81
413,39.64
414,54.50
415,21.60
416,12.72
417,39.98
418,16.75
419,19.41
420,15.21
421,29.91
422,16.21
423,23.62
424,6.85
425,13.23
426,5.11
427,10.72
428,30.60
429,44.14
430,8.65
431,46.51
432,10.53
433,17.47
434,24.31
435,18.39
436,20.80
437,3.07
438,17.53
439,22.65
440,45.26
441,5.20
442,8.11
443,31.00
444,38.86
445,11.50
446,47.74
447,53.32
448,5.72
449,52.37
450,12.39
451,20.49
452,33.64
453,7.98
454,4.63
455,10.88
456,26.40
457,9.70
458,10.60
459,5.54
460,20.60
461,8.79
462,3.99
463,7.23
464,3.45
465,22.85
466,33.44
467,35.98
468,37.87
469,2.37
470,19.28
471,44.54
472,39.16
473,34.89
474,49.55
475,35.42
476,5.79
477,58.38
478,14.67
479,38.64
480,24.05
481,24.25
482,51.47
483,20.49
484,17.52
485,17.98
486,35.12
487,120.34
488,29.04
489,44.64
490,31.74
491,107.45
492,40.05
493,34.40
494,38.92
495,38.61
496,22.98
497,40.93
498,36.76
499,40.38
500,79.29
501,39.37
502,43.15
503,52.05
504,40.04
505,91.48
506,42.52
507,22.54
508,66.96
509,96.22
510,26.06
511,54.03
512,63.53
513,24.92
514,39.52
515,74.63
516,62.40
517,56.02
518,57.11
519,73.57
520,28.84
521,65.10
522,109.29
523,42.71
524,53.17
525,71.12
526,107.54
527,36.18
528,70.84
529,51.73
530,116.79
531,102.58
532,58.23
533,104.93
534,115.48
535,60.82
536,107.46
537,31.46
538,61.97
539,74.23
540,22.31
541,22.73
542,131.24
543,24.10
544,37.23
545,101.07
546,35.37
547,39.89
548,102.20
549,46.06
550,109.00
551,39.85
552,56.38
553,53.91
554,112.63
555,27.79
556,60.23
557,114.44
558,113.68
559,55.51
560,72.83
561,124.91
562,38.42
563,50.78
564,81.06
565,112.46
566,58.59
567,100.67
568,57.53
569,95.82
570,55.39
571,96.05
572,67.27
573,105.93
574,37.25
575,90.38
576,108.67
577,42.66
578,56.92
579,89.14
580,37.92
581,60.20
582,99.22
583,43.67
584,69.43
585,44.99
586,85.07
587,53.44
588,93.40
589,96.04
590,60.88
591,102.16
592,103.43
593,41.25
594,81.96
595,33.99
596,46.97
597,96.48
598,92.38
599,81.26
600,82.04
601,36.57
602,106.22
603,72.54
604,21.76
605,110.80
606,64.72
607,29.66
608,136.63
609,7.55
610,13.57
611,145.22
612,6.63
613,11.24
614,11.02
615,9.11
616,8.58
617,20.17
618,22.96
619,13.77
620,17.58
621,16.87
622,21.69
623,19.72
624,19.29
625,25.90
626,20.15
627,29.60
628,24.27
629,22.57
630,9.27
631,22.56
632,23.02
633,18.21
634,17.84
635,22.23
636,17.47
637,8.39
638,23.52
639,26.10
640,18.75
641,10.82
642,21.03
643,19.13
644,12.58
645,34.27
646,13.16
647,41.10
648,11.58
649,22.93
650,15.16
651,39.24
652,34.44
653,37.51
654,15.28
655,108.94
656,23.24
657,63.87
658,73.40
659,99.83
660,8.47
661,74.15
662,16.05
663,30.00
664,32.08
665,11.49
666,92.66
667,101.38
668,97.13
669,124.49
670,25.81
671,72.68
672,80.63
673,45.11
674,49.30
675,58.20
676,45.40
677,58.30
678,56.23
679,48.22
680,45.43
681,63.63
682,52.70
683,60.49
684,40.89
685,54.28
686,51.63
687,60.80
688,53.76
689,57.83
690,51.17
691,50.19
692,54.64
693,59.95
694,15.17
695,13.89
696,13.68
697,13.94
698,11.49
699,11.11
700,8.97
701,5.50
702,13.03
703,12.05
704,14.27
705,12.45
706,14.71
707,12.74
708,11.47
709,9.23
710,4.64
711,5.66
712,4.07
713,6.52
714,10.56
715,11.30
716,5.68
717,15.03
718,8.10
719,13.22
720,4.86
721,12.95
722,18.61
723,16.41
724,18.51
725,5.14
726,16.64
727,11.44
728,15.50
729,14.48
730,7.68
731,12.95
732,5.58
733,13.91
734,11.73
735,14.72
736,8.90
737,15.43
738,15.92
739,13.75
740,14.66
741,16.38
742,11.49
743,16.20
744,10.76
745,16.06
746,14.50
747,9.31
748,15.54
749,15.04
750,8.91
751,15.32
752,13.35
753,15.75
754,13.81
755,15.49
756,18.13
757,16.52
758,17.58
759,17.29
760,15.49
761,16.30
762,10.95
763,18.74
764,14.91
765,9.63
766,10.89
767,12.98
768,17.33
769,18.16
770,11.86
771,12.98
772,17.16
773,14.74
774,10.99
775,17.32
776,12.25
777,19.85
778,13.16
779,17.19
780,13.81
781,15.70
782,13.36
783,11.59
784,14.93
785,6.25
786,11.72
787,18.91
788,6.65
789,15.60
790,13.23
791,6.90
792,6.39
793,16.81
794,18.84
795,6.81
796,9.31
797,16.57
798,13.49
799,7.00
800,20.32
801,18.36
802,16.25
803,9.12
804,13.16
805,6.73
806,9.30
807,13.97
808,11.92
809,17.93
810,5.18
811,10.98
812,6.22
813,16.36
814,7.58
815,20.65
816,12.95
817,6.51
818,12.88
819,22.02
820,12.01
821,21.12
822,7.29
823,23.01
824,7.23
825,19.06
826,17.03
827,17.12
828,7.31
829,7.32
830,11.96
831,18.57
832,18.22
833,20.15
834,19.29
835,18.45
836,6.47
837,19.62
838,18.82
839,16.52
840,6.38
841,18.79
842,20.59
843,11.46
844,18.68
845,14.44
846,10.03
847,5.81
848,5.42
849,5.93
850,20.62
851,21.97
852,18.94
853,6.83
854,16.66
855,17.58
856,10.16
857,17.72
858,16.00
859,16.53
860,8.60
861,17.80
862,17.35
863,10.15
864,15.45
865,7.92
866,6.68
867,17.44
868,15.76
869,8.12
870,15.21
871,6.91
872,13.94
873,9.00
874,17.69
875,14.86
876,14.55
877,14.48
878,8.18
879,13.36
880,13.70
881,16.16
882,11.86
883,8.53
884,14.75
885,11.61
886,17.63
887,13.60
888,16.13
889,12.99
890,11.98
891,15.28
892,13.16
893,12.43
894,16.46
895,8.04
896,12.63
897,14.19
898,13.85
899,13.98
900,17.35
901,5.89
902,15.35
903,20.05
904,19.85
905,14.61
906,20.54
907,13.55
908,22.10
909,6.72
910,15.73
911,6.88
912,17.06
913,5.61
914,18.21
915,20.60
916,34.80
917,20.15
918,38.52
919,36.73
920,38.03
921,37.51
922,60.52
923,31.08
924,34.24
925,29.29
926,27.70
927,21.49
928,31.95
929,26.89
930,24.31
931,36.19
932,35.68
933,48.93
934,34.56
935,33.43
936,18.73
937,36.29
938,30.49
939,27.33
940,54.86
941,35.13
942,34.91
943,26.25
944,23.50
945,31.63
946,39.52
947,29.77
948,29.66
949,29.97
950,27.45
951,34.42
952,45.65
953,24.72
954,35.60
955,34.27
956,27.22
957,24.68
958,30.73
959,40.26
960,28.24
961,30.60
962,35.16
963,27.75
964,29.84
965,32.96
966,35.44
967,35.29
968,42.33
969,22.96
970,34.15
971,41.51
972,30.72
973,27.48
974,30.86
975,29.00
976,33.29
977,24.73
978,44.52
979,28.83
980,26.50
981,44.43
982,27.75
983,31.42
984,33.03
985,27.43
986,27.84
987,30.66
988,28.17
989,26.90
990,47.48
991,33.70
992,35.09
993,22.33
994,41.54
995,23.22
996,28.28
997,36.56
998,22.21
999,31.84
1000,24.61
